#time system load 5min-cpu 1min-cpu 5sec-cpu
20200826.080501 htc33 3.87 3.62 0.25 0.00
20200826.080601 htc33 3.87 3.59 0.28 0.00
20200826.080701 htc33 3.87 3.59 0.28 0.00
20200826.080801 htc33 3.87 3.59 0.27 0.00
20200826.080901 htc33 3.87 3.59 0.28 0.00
20200826.081001 htc33 3.87 3.60 0.26 0.00
20200826.081101 htc33 3.87 3.59 0.28 0.00
20200826.081201 htc33 3.87 3.59 0.28 0.00
20200826.081243 htc33 3.87 3.59 0.28 0.00
20200826.081301 htc33 3.87 3.59 0.28 0.00
20200826.081401 htc33 3.87 3.59 0.28 0.00
20200826.081501 htc33 3.87 3.60 0.27 0.00
20200826.081601 htc33 3.87 3.59 0.28 0.00